o 374
e -281.0
v {60: -1, 61: 1, 62: -1, 75: -1, 76: -1, 77: 1, 90: 1, 91: -1, 92: -1, 105: 1, 106: -1, 107: -1, 120: -1, 121: -1, 122: 1, 135: 1, 136: -1, 137: -1, 150: 1, 151: 1, 152: -1, 165: 1, 166: 1, 167: -1, 180: -1, 181: 1, 182: 1, 195: 1, 196: 1, 197: -1, 210: -1, 211: -1, 212: 1, 225: -1, 226: -1, 227: -1, 240: -1, 241: 1, 242: 1, 255: 1, 256: -1, 257: 1, 270: -1, 271: -1, 272: -1, 285: -1, 286: -1, 287: -1, 300: -1, 301: -1, 302: 1, 315: -1, 316: -1, 317: -1, 330: -1, 331: -1, 332: -1, 345: -1, 346: 1, 347: -1, 360: 1, 361: -1, 362: 1, 375: 1, 376: 1, 377: 1, 390: -1, 391: 1, 392: 1, 405: 1, 406: -1, 407: 1, 420: 1, 421: -1, 422: -1, 435: 1, 436: 1, 437: -1, 450: -1, 451: 1, 452: -1, 465: -1, 466: -1, 467: -1, 480: -1, 481: 1, 482: -1, 495: 1, 496: 1, 497: -1, 510: 1, 511: -1, 512: 1, 525: 1, 526: -1, 527: -1, 540: 1, 541: -1, 555: -1, 556: 1, 557: -1, 570: -1, 571: 1, 572: -1, 585: 1, 586: -1, 587: -1, 3000: 1, 3001: -1, 3002: -1, 3015: 1, 3016: 1, 3017: 1, 3030: 1, 3031: 1, 3032: 1, 3045: 1, 3046: -1, 3047: 1, 3060: -1, 3061: 1, 3062: -1, 3075: -1, 3076: 1, 3077: -1, 3090: 1, 3091: -1, 3092: 1, 3105: -1, 3106: -1, 3107: 1, 3120: -1, 3121: 1, 3122: -1, 3135: -1, 3136: 1, 3137: 1, 3150: 1, 3151: 1, 3152: -1, 3165: 1, 3166: -1, 3167: 1, 3180: 1, 3181: 1, 3182: -1, 3195: 1, 3196: -1, 3197: 1, 3210: 1, 3211: -1, 3212: 1, 3225: 1, 3226: -1, 3227: 1, 3240: 1, 3241: 1, 3242: -1, 3255: -1, 3256: 1, 3257: 1, 3270: -1, 3271: 1, 3272: -1, 3285: 1, 3286: 1, 3287: 1, 3300: -1, 3301: -1, 3302: -1, 3315: -1, 3316: -1, 3317: 1, 3330: -1, 3331: 1, 3332: 1, 3345: -1, 3346: -1, 3347: 1, 3360: -1, 3361: 1, 3362: 1, 3375: -1, 3376: 1, 3377: -1, 3390: -1, 3391: -1, 3392: -1, 3405: -1, 3406: -1, 3407: 1, 3420: -1, 3421: 1, 3422: 1, 3435: -1, 3436: -1, 3437: 1, 3450: -1, 3451: -1, 3452: -1, 3465: 1, 3466: -1, 3467: -1, 3480: 1, 3481: -1, 3482: -1, 3495: 1, 3496: -1, 3497: -1, 3510: 1, 3511: -1, 3512: 1, 3525: 1, 3526: 1, 3527: 1}
   60 61 62 75 76 77 90 91 92 105 106 107 120 121 ... 3527 energy num_oc. ...
0  -1 +1 -1 -1 -1 +1 +1 -1 -1  +1  -1  -1  -1  -1 ...   +1 -281.0       1 ...
2  -1 +1 -1 +1 -1 -1 +1 -1 -1  +1  -1  -1  -1  -1 ...   +1 -281.0       1 ...
3  -1 +1 -1 +1 -1 +1 +1 -1 -1  +1  -1  -1  -1  -1 ...   +1 -281.0       1 ...
5  -1 +1 -1 +1 -1 -1 +1 -1 -1  +1  -1  -1  -1  -1 ...   +1 -281.0       1 ...
6  -1 +1 -1 +1 -1 -1 +1 -1 -1  +1  -1  -1  -1  -1 ...   +1 -281.0       1 ...
7  -1 +1 -1 -1 -1 -1 +1 -1 -1  +1  -1  -1  -1  -1 ...   +1 -281.0       1 ...
8  -1 +1 -1 -1 -1 +1 +1 -1 -1  +1  -1  -1  -1  -1 ...   +1 -281.0       1 ...
9  -1 +1 -1 -1 -1 -1 +1 -1 -1  +1  -1  -1  -1  -1 ...   +1 -281.0       1 ...
10 -1 -1 +1 +1 +1 -1 +1 -1 -1  +1  -1  -1  -1  -1 ...   +1 -281.0       1 ...
11 -1 +1 -1 +1 -1 -1 +1 -1 -1  +1  -1  -1  -1  -1 ...   +1 -281.0       1 ...
14 -1 +1 -1 -1 -1 -1 +1 -1 -1  +1  -1  -1  -1  -1 ...   +1 -281.0       1 ...
15 -1 +1 -1 +1 -1 +1 +1 -1 -1  +1  -1  -1  -1  -1 ...   +1 -281.0       1 ...
16 -1 +1 -1 +1 -1 -1 +1 -1 -1  +1  -1  -1  -1  -1 ...   +1 -281.0       1 ...
17 -1 +1 -1 +1 -1 -1 +1 -1 -1  +1  -1  -1  -1  -1 ...   +1 -281.0       1 ...
19 -1 +1 -1 -1 -1 +1 +1 -1 -1  +1  -1  -1  -1  -1 ...   +1 -281.0       1 ...
20 -1 +1 -1 +1 -1 -1 +1 -1 -1  +1  -1  -1  -1  -1 ...   +1 -281.0       1 ...
21 -1 +1 -1 -1 -1 +1 +1 -1 -1  +1  -1  -1  -1  -1 ...   +1 -281.0       1 ...
22 -1 +1 -1 +1 -1 -1 +1 -1 -1  +1  -1  -1  -1  -1 ...   +1 -281.0       1 ...
23 -1 +1 -1 -1 -1 -1 +1 -1 -1  +1  -1  -1  -1  -1 ...   +1 -281.0       1 ...
24 -1 +1 -1 +1 -1 +1 +1 -1 -1  +1  -1  -1  -1  -1 ...   +1 -281.0       1 ...
25 -1 +1 -1 -1 -1 -1 +1 -1 -1  +1  -1  -1  -1  -1 ...   +1 -281.0       1 ...
27 -1 -1 +1 +1 +1 -1 +1 -1 -1  +1  -1  -1  -1  -1 ...   +1 -281.0       1 ...
29 -1 +1 -1 +1 -1 -1 +1 -1 -1  +1  -1  -1  -1  -1 ...   +1 -281.0       1 ...
30 -1 +1 -1 -1 -1 -1 +1 -1 -1  +1  -1  -1  -1  -1 ...   +1 -281.0       1 ...
31 -1 +1 -1 -1 -1 -1 +1 -1 -1  +1  -1  -1  -1  -1 ...   +1 -281.0       1 ...
32 -1 +1 -1 -1 -1 +1 +1 -1 -1  +1  -1  -1  -1  -1 ...   +1 -281.0       1 ...
33 -1 +1 -1 -1 -1 +1 +1 -1 -1  +1  -1  -1  -1  -1 ...   +1 -281.0       1 ...
34 -1 +1 -1 -1 -1 -1 +1 -1 -1  +1  -1  -1  -1  -1 ...   +1 -281.0       1 ...
35 -1 +1 -1 -1 -1 -1 +1 -1 -1  +1  -1  -1  -1  -1 ...   +1 -281.0       1 ...
37 -1 -1 +1 +1 +1 -1 +1 -1 -1  +1  -1  -1  -1  -1 ...   +1 -281.0       1 ...
39 -1 +1 -1 -1 -1 +1 +1 -1 -1  +1  -1  -1  -1  -1 ...   +1 -281.0       1 ...
42 -1 +1 -1 -1 -1 -1 +1 -1 -1  +1  -1  -1  -1  -1 ...   +1 -281.0       1 ...
44 -1 +1 -1 -1 -1 +1 +1 -1 -1  +1  -1  -1  -1  -1 ...   +1 -281.0       1 ...
46 -1 +1 -1 +1 -1 +1 +1 -1 -1  +1  -1  -1  -1  -1 ...   +1 -281.0       1 ...
47 -1 +1 -1 +1 -1 -1 +1 -1 -1  +1  -1  -1  -1  -1 ...   +1 -281.0       1 ...
49 -1 +1 -1 -1 -1 +1 +1 -1 -1  +1  -1  -1  -1  -1 ...   +1 -281.0       1 ...
50 -1 +1 -1 +1 -1 +1 +1 -1 -1  +1  -1  -1  -1  -1 ...   +1 -281.0       1 ...
51 -1 +1 -1 -1 -1 -1 +1 -1 -1  +1  -1  -1  -1  -1 ...   +1 -281.0       1 ...
52 -1 +1 -1 +1 -1 -1 +1 -1 -1  +1  -1  -1  -1  -1 ...   +1 -281.0       1 ...
53 -1 +1 -1 +1 -1 -1 +1 -1 -1  +1  -1  -1  -1  -1 ...   +1 -281.0       1 ...
55 -1 +1 -1 -1 -1 +1 +1 -1 -1  +1  -1  -1  -1  -1 ...   +1 -281.0       1 ...
57 -1 +1 -1 -1 -1 +1 +1 -1 -1  +1  -1  -1  -1  -1 ...   +1 -281.0       1 ...
58 -1 +1 -1 -1 -1 -1 +1 -1 -1  +1  -1  -1  -1  -1 ...   +1 -281.0       1 ...
61 -1 +1 -1 +1 -1 +1 +1 -1 -1  +1  -1  -1  -1  -1 ...   +1 -281.0       1 ...
62 -1 +1 -1 -1 -1 -1 +1 -1 -1  +1  -1  -1  -1  -1 ...   +1 -281.0       1 ...
63 -1 -1 +1 +1 +1 -1 +1 -1 -1  +1  -1  -1  -1  -1 ...   +1 -281.0       1 ...
64 -1 +1 -1 +1 -1 -1 +1 -1 -1  +1  -1  -1  -1  -1 ...   +1 -281.0       1 ...
65 -1 +1 -1 +1 -1 +1 +1 -1 -1  +1  -1  -1  -1  -1 ...   +1 -281.0       1 ...
66 -1 +1 -1 -1 -1 +1 +1 -1 -1  +1  -1  -1  -1  -1 ...   +1 -281.0       1 ...
67 -1 -1 +1 +1 +1 -1 +1 -1 -1  +1  -1  -1  -1  -1 ...   +1 -281.0       1 ...
68 -1 -1 +1 +1 +1 -1 +1 -1 -1  +1  -1  -1  -1  -1 ...   +1 -281.0       1 ...
69 -1 -1 +1 +1 +1 -1 +1 -1 -1  +1  -1  -1  -1  -1 ...   +1 -281.0       1 ...
70 -1 +1 -1 -1 -1 +1 +1 -1 -1  +1  -1  -1  -1  -1 ...   +1 -281.0       1 ...
71 -1 +1 -1 -1 -1 +1 +1 -1 -1  +1  -1  -1  -1  -1 ...   +1 -281.0       1 ...
73 -1 -1 +1 +1 +1 -1 +1 -1 -1  +1  -1  -1  -1  -1 ...   +1 -281.0       1 ...
74 -1 -1 +1 +1 +1 -1 +1 -1 -1  +1  -1  -1  -1  -1 ...   +1 -281.0       1 ...
75 -1 +1 -1 -1 -1 +1 +1 -1 -1  +1  -1  -1  -1  -1 ...   +1 -281.0       1 ...
77 -1 +1 -1 +1 -1 -1 +1 -1 -1  +1  -1  -1  -1  -1 ...   +1 -281.0       1 ...
78 -1 +1 -1 +1 -1 +1 +1 -1 -1  +1  -1  -1  -1  -1 ...   +1 -281.0       1 ...
79 -1 +1 -1 -1 -1 +1 +1 -1 -1  +1  -1  -1  -1  -1 ...   +1 -281.0       1 ...
80 -1 -1 +1 +1 +1 -1 +1 -1 -1  +1  -1  -1  -1  -1 ...   +1 -281.0       1 ...
81 -1 +1 -1 -1 -1 -1 +1 -1 -1  +1  -1  -1  -1  -1 ...   +1 -281.0       1 ...
82 -1 +1 -1 -1 -1 -1 +1 -1 -1  +1  -1  -1  -1  -1 ...   +1 -281.0       1 ...
83 -1 +1 -1 +1 -1 -1 +1 -1 -1  +1  -1  -1  -1  -1 ...   +1 -281.0       1 ...
84 -1 +1 -1 -1 -1 +1 +1 -1 -1  +1  -1  -1  -1  -1 ...   +1 -281.0       1 ...
85 -1 +1 -1 +1 -1 +1 +1 -1 -1  +1  -1  -1  -1  -1 ...   +1 -281.0       1 ...
87 -1 -1 +1 +1 +1 -1 +1 -1 -1  +1  -1  -1  -1  -1 ...   +1 -281.0       1 ...
89 -1 +1 -1 +1 -1 -1 +1 -1 -1  +1  -1  -1  -1  -1 ...   +1 -281.0       1 ...
90 -1 +1 -1 +1 -1 -1 +1 -1 -1  +1  -1  -1  -1  -1 ...   +1 -281.0       1 ...
91 -1 +1 -1 -1 -1 +1 +1 -1 -1  +1  -1  -1  -1  -1 ...   +1 -281.0       1 ...
92 -1 +1 -1 -1 -1 -1 +1 -1 -1  +1  -1  -1  -1  -1 ...   +1 -281.0       1 ...
94 -1 +1 -1 +1 -1 -1 +1 -1 -1  +1  -1  -1  -1  -1 ...   +1 -281.0       1 ...
95 -1 +1 -1 +1 -1 -1 +1 -1 -1  +1  -1  -1  -1  -1 ...   +1 -281.0       1 ...
98 -1 +1 -1 +1 -1 +1 +1 -1 -1  +1  -1  -1  -1  -1 ...   +1 -281.0       1 ...
99 -1 -1 +1 +1 +1 -1 +1 -1 -1  +1  -1  -1  -1  -1 ...   +1 -281.0       1 ...
4  -1 +1 -1 +1 +1 -1 +1 -1 +1  +1  -1  +1  +1  +1 ...   +1 -280.0       1 ...
12 -1 -1 +1 +1 +1 -1 +1 -1 -1  +1  -1  +1  -1  -1 ...   +1 -280.0       1 ...
13 -1 -1 +1 +1 +1 -1 +1 -1 -1  +1  -1  +1  -1  -1 ...   +1 -280.0       1 ...
28 -1 +1 -1 -1 -1 +1 +1 -1 -1  +1  -1  -1  -1  -1 ...   +1 -280.0       1 ...
36 -1 +1 -1 +1 +1 -1 +1 -1 +1  +1  -1  +1  +1  +1 ...   +1 -280.0       1 ...
40 -1 +1 -1 +1 +1 -1 +1 -1 +1  +1  -1  +1  +1  +1 ...   +1 -280.0       1 ...
43 -1 -1 +1 +1 +1 -1 +1 -1 -1  +1  -1  -1  -1  -1 ...   +1 -280.0       1 ...
45 -1 -1 +1 +1 +1 -1 +1 -1 -1  +1  -1  -1  -1  -1 ...   -1 -280.0       1 ...
48 -1 +1 -1 +1 +1 -1 +1 -1 +1  +1  -1  +1  +1  +1 ...   +1 -280.0       1 ...
59 -1 +1 -1 +1 +1 -1 +1 -1 +1  +1  -1  +1  +1  +1 ...   +1 -280.0       1 ...
72 -1 +1 -1 +1 +1 -1 +1 -1 +1  +1  -1  +1  +1  +1 ...   +1 -280.0       1 ...
86 -1 +1 -1 +1 +1 -1 +1 -1 +1  +1  -1  +1  +1  +1 ...   +1 -280.0       1 ...
88 -1 +1 -1 +1 -1 +1 +1 -1 -1  +1  -1  -1  -1  -1 ...   +1 -280.0       1 ...
96 -1 +1 -1 +1 +1 -1 +1 -1 +1  +1  -1  +1  +1  +1 ...   +1 -280.0       1 ...
97 -1 -1 +1 +1 +1 -1 +1 -1 -1  +1  -1  -1  -1  -1 ...   +1 -280.0       1 ...
1  -1 +1 -1 +1 +1 -1 +1 -1 +1  +1  -1  +1  +1  +1 ...   +1 -279.0       1 ...
18 -1 +1 -1 +1 +1 -1 +1 -1 +1  +1  -1  +1  +1  +1 ...   +1 -279.0       1 ...
26 -1 +1 -1 -1 -1 +1 +1 -1 +1  +1  +1  -1  -1  -1 ...   +1 -279.0       1 ...
76 -1 +1 -1 +1 +1 -1 +1 -1 +1  +1  -1  +1  +1  +1 ...   +1 -279.0       1 ...
38 -1 -1 +1 +1 +1 -1 +1 -1 -1  +1  -1  -1  +1  +1 ...   +1 -278.0       1 ...
41 -1 +1 -1 +1 -1 +1 +1 -1 -1  +1  -1  -1  -1  -1 ...   +1 -278.0       1 ...
54 -1 -1 +1 +1 +1 -1 +1 -1 +1  +1  -1  -1  +1  +1 ...   +1 -278.0       1 ...
56 -1 +1 +1 +1 +1 -1 +1 -1 -1  +1  +1  -1  +1  +1 ...   +1 -278.0       1 ...
60 -1 +1 +1 +1 +1 -1 +1 -1 +1  +1  +1  -1  +1  +1 ...   +1 -278.0       1 ...
93 -1 -1 +1 +1 +1 -1 +1 -1 +1  +1  +1  -1  -1  -1 ...   +1 -278.0       1 ...
['SPIN', 100 rows, 100 samples, 215 variables]