QPU access time:0.09500916999999999s. ; QPU sampling time:0.079244s.
o 45
e -50.5
v {60: 1, 75: 1, 90: 1, 105: -1, 120: 1, 121: 1, 135: -1, 136: 1, 150: 1, 151: -1, 165: 1, 166: 1, 180: 1, 181: 1, 195: 1, 196: -1, 210: 1, 211: 1, 225: -1, 226: 1, 240: 1, 255: 1, 270: 1, 285: 1, 3000: 1, 3015: -1, 3030: 1, 3045: -1, 3060: 1, 3075: -1, 3090: -1, 3105: -1, 3120: -1, 3121: -1, 3135: 1, 3136: -1, 3150: 1, 3151: 1, 3165: 1, 3166: 1, 3180: 1, 3195: 1, 3210: -1, 3225: -1, 3240: 1, 3255: -1, 3270: 1, 3285: -1}
   60 75 90 105 120 121 135 136 150 151 165 166 180 ... 3285 energy num_oc. ...
0  +1 +1 +1  -1  +1  +1  -1  +1  +1  -1  +1  +1  +1 ...   -1  -50.5       6 ...
1  +1 +1 +1  -1  +1  +1  -1  +1  +1  -1  +1  +1  +1 ...   -1  -50.5       3 ...
2  +1 +1 +1  -1  +1  +1  -1  +1  +1  -1  +1  +1  -1 ...   -1  -50.5       5 ...
3  +1 +1 +1  -1  +1  +1  -1  +1  +1  -1  +1  +1  -1 ...   -1  -50.5       5 ...
4  +1 +1 +1  -1  +1  +1  -1  +1  +1  -1  +1  +1  -1 ...   -1  -50.5       2 ...
5  +1 +1 +1  -1  +1  +1  -1  +1  +1  -1  +1  +1  +1 ...   -1  -50.5       7 ...
6  +1 +1 +1  -1  +1  +1  -1  +1  +1  -1  +1  +1  +1 ...   -1  -50.5       5 ...
7  +1 +1 +1  -1  +1  +1  -1  +1  +1  -1  +1  +1  -1 ...   -1  -50.5       6 ...
8  +1 +1 +1  -1  +1  +1  -1  +1  +1  -1  +1  +1  +1 ...   -1  -50.5       6 ...
9  +1 +1 +1  -1  +1  +1  -1  +1  +1  -1  +1  +1  -1 ...   -1  -50.5       2 ...
10 +1 +1 +1  -1  +1  +1  -1  +1  +1  -1  +1  +1  -1 ...   -1  -50.5       2 ...
11 +1 +1 +1  -1  +1  +1  -1  +1  +1  -1  +1  +1  -1 ...   -1  -50.5       5 ...
12 +1 +1 +1  -1  +1  +1  -1  +1  +1  -1  +1  +1  +1 ...   -1  -50.5       4 ...
13 +1 +1 +1  -1  +1  +1  -1  +1  +1  -1  +1  +1  +1 ...   -1  -50.5       7 ...
14 +1 +1 +1  -1  +1  +1  -1  +1  +1  -1  +1  +1  -1 ...   -1  -50.5       2 ...
15 +1 +1 +1  -1  +1  +1  -1  +1  +1  -1  +1  +1  -1 ...   -1  -50.5       5 ...
16 +1 +1 +1  -1  +1  +1  -1  +1  +1  -1  +1  +1  -1 ...   -1  -50.5       7 ...
17 +1 +1 +1  -1  +1  +1  -1  +1  +1  -1  +1  +1  -1 ...   -1  -50.5       5 ...
18 +1 +1 +1  -1  +1  +1  -1  +1  +1  -1  +1  +1  -1 ...   -1  -50.5       7 ...
19 +1 +1 +1  -1  +1  +1  -1  +1  +1  -1  +1  +1  +1 ...   -1  -50.5       6 ...
20 +1 +1 +1  -1  +1  +1  -1  +1  +1  -1  +1  +1  -1 ...   -1  -49.5       1 ...
21 +1 +1 +1  -1  +1  +1  -1  +1  +1  -1  +1  +1  +1 ...   -1  -49.5       1 ...
22 +1 +1 +1  -1  +1  +1  -1  +1  +1  -1  +1  +1  +1 ...   -1  -49.5       1 ...
['SPIN', 23 rows, 100 samples, 48 variables]