o 38
e -65.75
v {60: -1, 61: -1, 75: 1, 76: -1, 90: -1, 91: 1, 105: -1, 106: -1, 120: -1, 121: 1, 135: -1, 136: -1, 150: -1, 151: 1, 165: 1, 166: 1, 180: -1, 181: 1, 195: 1, 196: -1, 210: 1, 211: -1, 225: 1, 226: 1, 240: 1, 241: -1, 255: 1, 256: 1, 270: 1, 271: -1, 285: 1, 286: 1, 300: 1, 301: -1, 315: 1, 316: -1, 330: -1, 331: 1, 345: -1, 346: -1, 360: -1, 361: -1, 375: -1, 376: 1, 390: 1, 391: -1, 405: -1, 406: -1, 3000: 1, 3001: -1, 3015: 1, 3016: 1, 3030: 1, 3031: 1, 3045: 1, 3046: -1, 3060: -1, 3061: 1, 3075: -1, 3076: -1, 3090: -1, 3091: -1, 3105: -1, 3106: -1, 3120: -1, 3121: -1, 3135: -1, 3136: -1, 3150: -1, 3151: -1, 3165: 1, 3166: 1, 3180: -1, 3181: 1, 3195: 1, 3196: -1, 3210: 1, 3211: 1, 3225: -1, 3226: -1, 3240: -1, 3241: -1, 3255: 1, 3256: 1, 3270: 1, 3271: -1, 3285: -1, 3286: 1, 3300: 1, 3301: -1, 3315: -1, 3316: 1, 3330: -1, 3345: -1, 3346: -1}
   60 61 75 76 90 91 105 106 120 121 135 136 150 ... 3346 energy num_oc. ...
0  -1 -1 +1 -1 -1 +1  -1  -1  -1  +1  -1  -1  -1 ...   -1 -65.75       1 ...
1  -1 -1 +1 -1 -1 -1  -1  +1  -1  +1  -1  -1  -1 ...   -1 -65.75       1 ...
2  -1 +1 +1 -1 -1 -1  -1  -1  -1  +1  -1  -1  -1 ...   -1 -65.75       1 ...
3  -1 -1 +1 -1 -1 +1  -1  +1  -1  +1  -1  -1  +1 ...   -1 -65.75       1 ...
4  -1 -1 +1 -1 -1 -1  -1  -1  -1  +1  -1  -1  -1 ...   -1 -65.75       1 ...
5  -1 -1 +1 -1 -1 +1  -1  -1  -1  +1  -1  -1  +1 ...   -1 -65.75       1 ...
6  -1 -1 +1 -1 -1 +1  -1  -1  -1  +1  -1  +1  -1 ...   -1 -65.75       1 ...
7  -1 -1 +1 -1 -1 +1  -1  -1  -1  +1  -1  -1  +1 ...   -1 -65.75       1 ...
8  -1 -1 +1 -1 -1 +1  -1  +1  -1  +1  -1  +1  -1 ...   -1 -65.75       1 ...
9  -1 -1 +1 -1 -1 -1  -1  +1  -1  +1  -1  -1  +1 ...   -1 -65.75       1 ...
10 -1 +1 +1 -1 -1 +1  -1  -1  -1  +1  -1  -1  +1 ...   -1 -65.75       1 ...
11 -1 -1 +1 -1 -1 -1  -1  -1  -1  +1  -1  +1  +1 ...   -1 -65.75       1 ...
12 -1 +1 +1 -1 -1 +1  -1  -1  -1  +1  -1  -1  -1 ...   -1 -65.75       1 ...
14 -1 -1 +1 -1 -1 -1  -1  -1  -1  +1  -1  -1  +1 ...   -1 -65.75       1 ...
15 -1 +1 +1 -1 -1 +1  -1  -1  -1  +1  -1  +1  +1 ...   -1 -65.75       1 ...
16 -1 +1 +1 -1 -1 +1  -1  -1  -1  +1  -1  +1  +1 ...   -1 -65.75       1 ...
17 -1 -1 +1 -1 -1 +1  -1  -1  -1  +1  -1  +1  -1 ...   -1 -65.75       1 ...
18 -1 -1 +1 -1 -1 -1  -1  -1  -1  +1  -1  -1  +1 ...   -1 -65.75       1 ...
19 -1 -1 +1 -1 -1 -1  -1  -1  -1  +1  -1  -1  -1 ...   -1 -65.75       1 ...
20 -1 -1 +1 -1 -1 -1  -1  -1  -1  +1  -1  +1  +1 ...   -1 -65.75       1 ...
21 -1 -1 +1 -1 -1 -1  -1  -1  -1  +1  -1  -1  -1 ...   -1 -65.75       1 ...
22 -1 -1 +1 -1 -1 -1  -1  -1  -1  +1  -1  -1  +1 ...   -1 -65.75       1 ...
23 -1 -1 +1 -1 -1 -1  -1  -1  -1  +1  -1  +1  -1 ...   -1 -65.75       1 ...
24 -1 -1 +1 -1 -1 +1  -1  +1  -1  +1  -1  -1  -1 ...   -1 -65.75       1 ...
25 -1 +1 +1 -1 -1 -1  -1  -1  -1  +1  -1  +1  -1 ...   -1 -65.75       1 ...
27 -1 -1 +1 -1 -1 +1  -1  -1  -1  +1  -1  +1  -1 ...   -1 -65.75       1 ...
28 -1 +1 +1 -1 -1 -1  -1  -1  -1  +1  -1  +1  +1 ...   -1 -65.75       1 ...
29 -1 -1 +1 -1 -1 +1  -1  -1  -1  +1  -1  -1  +1 ...   -1 -65.75       1 ...
30 -1 +1 +1 -1 -1 +1  -1  -1  -1  +1  -1  +1  +1 ...   -1 -65.75       1 ...
31 -1 -1 +1 -1 -1 +1  -1  -1  -1  +1  -1  -1  -1 ...   -1 -65.75       1 ...
32 -1 -1 +1 -1 -1 -1  -1  -1  -1  +1  -1  -1  +1 ...   -1 -65.75       1 ...
33 -1 -1 +1 -1 -1 +1  -1  -1  -1  +1  -1  -1  -1 ...   -1 -65.75       1 ...
34 -1 -1 +1 -1 -1 +1  -1  -1  -1  +1  -1  -1  -1 ...   -1 -65.75       1 ...
35 -1 -1 +1 -1 -1 +1  -1  -1  -1  +1  -1  -1  -1 ...   -1 -65.75       1 ...
36 -1 -1 +1 -1 -1 +1  -1  -1  -1  +1  -1  -1  +1 ...   -1 -65.75       1 ...
37 -1 -1 +1 -1 -1 +1  -1  -1  -1  +1  -1  +1  -1 ...   -1 -65.75       1 ...
38 -1 -1 +1 -1 -1 -1  -1  +1  -1  +1  -1  -1  -1 ...   -1 -65.75       1 ...
39 -1 -1 +1 -1 -1 -1  -1  -1  -1  +1  -1  -1  -1 ...   -1 -65.75       1 ...
40 -1 -1 +1 -1 -1 +1  -1  +1  -1  +1  -1  +1  +1 ...   -1 -65.75       1 ...
41 -1 -1 +1 -1 -1 +1  -1  +1  -1  +1  -1  +1  +1 ...   -1 -65.75       1 ...
43 -1 -1 +1 -1 -1 +1  -1  +1  -1  +1  -1  -1  -1 ...   -1 -65.75       1 ...
44 -1 -1 +1 -1 -1 +1  -1  -1  -1  +1  -1  -1  -1 ...   -1 -65.75       1 ...
45 -1 -1 +1 -1 -1 -1  -1  -1  -1  +1  -1  -1  +1 ...   -1 -65.75       1 ...
46 -1 -1 +1 -1 -1 +1  -1  -1  -1  +1  -1  +1  -1 ...   -1 -65.75       1 ...
47 -1 +1 +1 -1 -1 +1  -1  -1  -1  +1  -1  -1  -1 ...   -1 -65.75       1 ...
48 -1 -1 +1 -1 -1 +1  -1  -1  -1  +1  -1  -1  -1 ...   -1 -65.75       1 ...
49 -1 -1 +1 -1 -1 +1  -1  -1  -1  +1  -1  +1  -1 ...   -1 -65.75       1 ...
50 -1 -1 +1 -1 -1 +1  -1  -1  -1  +1  -1  -1  -1 ...   -1 -65.75       1 ...
51 -1 -1 +1 -1 -1 +1  -1  -1  -1  +1  -1  +1  -1 ...   -1 -65.75       1 ...
52 -1 -1 +1 -1 -1 +1  -1  -1  -1  +1  -1  +1  -1 ...   -1 -65.75       1 ...
53 -1 -1 +1 -1 -1 -1  -1  +1  -1  +1  -1  +1  -1 ...   -1 -65.75       1 ...
54 -1 -1 +1 -1 -1 +1  -1  +1  -1  +1  -1  +1  +1 ...   -1 -65.75       1 ...
55 -1 +1 +1 -1 -1 +1  -1  -1  -1  +1  -1  -1  +1 ...   -1 -65.75       1 ...
56 -1 -1 +1 -1 -1 -1  -1  -1  -1  +1  -1  -1  +1 ...   -1 -65.75       1 ...
57 -1 +1 +1 -1 -1 -1  -1  -1  -1  +1  -1  -1  +1 ...   -1 -65.75       1 ...
58 -1 -1 +1 -1 -1 -1  -1  -1  -1  +1  -1  -1  +1 ...   -1 -65.75       1 ...
59 -1 +1 +1 -1 -1 +1  -1  -1  -1  +1  -1  +1  -1 ...   -1 -65.75       1 ...
60 -1 -1 +1 -1 -1 +1  -1  +1  -1  +1  -1  -1  +1 ...   -1 -65.75       1 ...
61 -1 -1 +1 -1 -1 +1  -1  +1  -1  +1  -1  +1  +1 ...   -1 -65.75       1 ...
62 -1 +1 +1 -1 -1 +1  -1  -1  -1  +1  -1  -1  -1 ...   -1 -65.75       1 ...
63 -1 -1 +1 -1 -1 -1  -1  -1  -1  +1  -1  -1  -1 ...   -1 -65.75       1 ...
64 -1 -1 +1 -1 -1 +1  -1  +1  -1  +1  -1  +1  -1 ...   -1 -65.75       1 ...
65 -1 -1 +1 -1 -1 -1  -1  +1  -1  +1  -1  -1  -1 ...   -1 -65.75       1 ...
66 -1 +1 +1 -1 -1 -1  -1  -1  -1  +1  -1  +1  -1 ...   -1 -65.75       1 ...
67 -1 +1 +1 -1 -1 +1  -1  -1  -1  +1  -1  -1  +1 ...   -1 -65.75       1 ...
68 -1 +1 +1 -1 -1 -1  -1  -1  -1  +1  -1  +1  -1 ...   -1 -65.75       1 ...
69 -1 -1 +1 -1 -1 +1  -1  +1  -1  +1  -1  +1  -1 ...   -1 -65.75       1 ...
70 -1 -1 +1 -1 -1 -1  -1  -1  -1  +1  -1  +1  +1 ...   -1 -65.75       1 ...
71 -1 -1 +1 -1 -1 +1  -1  +1  -1  +1  -1  -1  +1 ...   -1 -65.75       1 ...
72 -1 -1 +1 -1 -1 +1  -1  -1  -1  +1  -1  -1  -1 ...   -1 -65.75       1 ...
73 -1 -1 +1 -1 -1 -1  -1  -1  -1  +1  -1  +1  -1 ...   -1 -65.75       1 ...
74 -1 -1 +1 -1 -1 -1  -1  -1  -1  +1  -1  -1  +1 ...   -1 -65.75       1 ...
75 -1 +1 +1 -1 -1 -1  -1  -1  -1  +1  -1  -1  -1 ...   -1 -65.75       1 ...
76 -1 -1 +1 -1 -1 +1  -1  -1  -1  +1  -1  -1  +1 ...   -1 -65.75       1 ...
77 -1 -1 +1 -1 -1 +1  -1  -1  -1  +1  -1  +1  -1 ...   -1 -65.75       1 ...
78 -1 -1 +1 -1 -1 -1  -1  -1  -1  +1  -1  +1  -1 ...   -1 -65.75       1 ...
79 -1 -1 +1 -1 -1 +1  -1  +1  -1  +1  -1  +1  -1 ...   -1 -65.75       1 ...
80 -1 -1 +1 -1 -1 -1  -1  +1  -1  +1  -1  -1  -1 ...   -1 -65.75       1 ...
81 -1 -1 +1 -1 -1 +1  -1  +1  -1  +1  -1  +1  +1 ...   -1 -65.75       1 ...
82 -1 -1 +1 -1 -1 -1  -1  -1  -1  +1  -1  -1  -1 ...   -1 -65.75       1 ...
83 -1 +1 +1 -1 -1 -1  -1  -1  -1  +1  -1  -1  +1 ...   -1 -65.75       1 ...
84 -1 -1 +1 -1 -1 +1  -1  -1  -1  +1  -1  -1  -1 ...   -1 -65.75       1 ...
85 -1 -1 +1 -1 -1 +1  -1  +1  -1  +1  -1  -1  +1 ...   -1 -65.75       1 ...
86 -1 -1 +1 -1 -1 -1  -1  -1  -1  +1  -1  -1  -1 ...   -1 -65.75       1 ...
87 -1 +1 +1 -1 -1 -1  -1  -1  -1  +1  -1  -1  -1 ...   -1 -65.75       1 ...
88 -1 +1 +1 -1 -1 -1  -1  -1  -1  +1  -1  -1  +1 ...   -1 -65.75       1 ...
89 -1 -1 +1 -1 -1 +1  -1  -1  -1  +1  -1  -1  -1 ...   -1 -65.75       1 ...
90 -1 -1 +1 -1 -1 +1  -1  +1  -1  +1  -1  +1  +1 ...   -1 -65.75       1 ...
91 -1 -1 +1 -1 -1 +1  -1  -1  -1  +1  -1  -1  +1 ...   -1 -65.75       1 ...
92 -1 -1 +1 -1 -1 +1  -1  -1  -1  +1  -1  -1  -1 ...   -1 -65.75       1 ...
93 -1 -1 +1 -1 -1 +1  -1  +1  -1  +1  -1  -1  -1 ...   -1 -65.75       1 ...
94 -1 -1 +1 -1 -1 +1  -1  -1  -1  +1  -1  +1  +1 ...   -1 -65.75       1 ...
95 -1 -1 +1 -1 -1 -1  -1  -1  -1  +1  -1  +1  +1 ...   -1 -65.75       1 ...
96 -1 +1 +1 -1 -1 -1  -1  -1  -1  +1  -1  +1  -1 ...   -1 -65.75       1 ...
97 -1 -1 +1 -1 -1 -1  -1  -1  -1  +1  -1  -1  +1 ...   -1 -65.75       1 ...
98 -1 -1 +1 -1 -1 +1  -1  -1  -1  +1  -1  -1  -1 ...   -1 -65.75       1 ...
99 -1 -1 +1 -1 -1 -1  -1  -1  -1  +1  -1  -1  +1 ...   -1 -65.75       1 ...
13 -1 -1 +1 -1 -1 +1  +1  +1  -1  +1  -1  +1  -1 ...   +1 -64.75       1 ...
26 -1 -1 +1 -1 -1 -1  +1  +1  -1  +1  +1  -1  -1 ...   -1 -64.75       1 ...
42 -1 -1 +1 -1 -1 +1  -1  -1  -1  +1  -1  -1  +1 ...   -1 -64.75       1 ...
['SPIN', 100 rows, 100 samples, 95 variables]